怒槌,700,1500,2000,3000
玩具狂奏曲 -終焉-,532,1119,1625,2816
TiamaT：F minor,543,1111,2587,3175
混沌を越えし我らが神聖なる調律主を讃えよ,554,1167,2150,2800
World Vanquisher,547,1307,2100,3000
Calamity Fortune,553,990,1544,2328
Finite,302,627,1377,1377
神威,645,1155,1772,3390
HAELEQUIN（Original Remaster）,438,789,1328,2000
FREEDOM DiVE,561,919,1542,2222
Angel dust,436,782,1310,1925
★LittlE HearTs★,483,681,1123,1907
Dengeki Tube,369,853,1531,1513
Garakuta Doll Play,378,708,1414,1800
AMAZING MIGHTYYYY！！！！,483,834,1315,2525
VERTeX,542,846,1352,2279
Caliburne ～Story of the Legendary sword～,578,1000,1700,2370
Contrapasso -inferno-,414,789,1582,2262
Xevel,600,927,1520,2585
エンドマークに希望と涙を添えて,445,777,1558,2277
宛城、炎上！！,561,1140,2323,3594
Schrecklicher Aufstand,609,989,1785,2195
Devastating Blaster,408,691,1424,2247
Kattobi KEIKYU Rider,761,1154,2303,3600
Glorious Crown（tpz over-Over-OVERCUTE REMIX）,617,1077,1885,2700
Iudicium,462,1008,1372,2411
ぶいえす！！らいばる！！,480,755,1202,1963
ジングルベル,257,603,906,1799
のぼれ！すすめ！高い塔,439,727,1195,1974
害虫,592,851,1295,2502
インビジブル,427,675,1089,1834
ラクガキスト,496,818,1318,2248
初音ミクの消失,418,710,1052,1743
カミサマネジマキ,417,746,1290,1621
Phantasm Brigade,384,734,1100,1519
患部で止まってすぐ溶ける ～狂気の優曇華院,447,700,1021,1659
Imperishable Night 2006（2016 Refine）,329,665,1041,2016
幻想のサテライト,452,929,1558,2103
最終鬼畜妹・一部声,353,722,1200,1733
Elemental Creation,415,675,1187,1710
Evans,322,527,962,1621
Blue Noise,363,569,1044,1481
セイクリッド　ルイン,467,765,1200,2057
極圏,573,900,1573,1985
Scarlet Lance,453,810,1521,2214
Aragami,308,644,853,1414
Vallista,324,512,1015,1462
conflict,428,658,1076,2087
Halcyon,514,826,1400,2070
Jack-the-Ripper◆,468,686,1229,2000
DRAGONLADY,221,376,876,1274
Air,393,767,1279,1856
DataErr0r,313,661,1050,1712
Dreadnought,386,999,1476,2315
Strahv,601,777,1236,1556
GOODTEK,449,741,1356,1822
Name of oath,561,844,1234,1798
G e n g a o z o,469,781,1541,1995
分からない,417,828,1000,1918
Like the Wind［Reborn］,394,708,1241,2000
Hyper Active,440,725,1251,1954
GEMINI -C-,549,769,1319,1587
We Gonna Journey,413,675,1113,1616
luna blu,348,755,1345,1640
閃鋼のブリューナク,279,845,1380,1622
Gate of Fate,464,759,1350,1932
The wheel to the right,525,1081,1867,2000
Tango Rouge,392,761,1339,1806
Gustav Battle,392,764,1422,1953
Cyberozar,480,715,1075,2241
Genesis,342,671,1045,1393
L’épisode,627,703,1989,1372
GOLDEN RULE,463,813,1196,1730
Philosopher,400,689,1404,1866
Oshama Scramble！（Cranky Remix）,486,804,1291,1769
紅華刑,364,870,1520,2437
Tidal Wave,433,674,1138,2297
BOKUTO,459,986,1421,2338
We Gonna Party -Feline Groove Mix-,473,770,1528,2180
おまかせ！！トラブルメイ娘☆とれびちゃん,562,958,1490,2794
オススメ☆♂♀☆でぃすとぴあ,397,871,1505,2600
Warcry,498,798,1331,2285
覚醒楽奏メタフィクション,495,816,1652,2056
Supersonic Generation,372,584,1392,1594
トリスメギストス（楽曲名）,406,714,1254,1627
立川浄穢捕物帳,506,802,1466,2001
眠れぬ夜君を想フ,281,546,1098,1770
JIGOKU STATION CENTRAL GATE,506,800,1539,2000
Twice up Scenery,615,844,1213,2250
FEEL×ALIVE,330,647,1000,1684
ぶぉん！ぶぉん！らいど・おん！,359,786,1045,1789
MY LIBERATION,470,845,1035,2783
SAVIOR OF SONG,418,760,1204,1826
パーフェクト生命,552,881,1245,1972
アンハッピーリフレイン,373,586,966,1836
おこちゃま戦争,516,767,1077,1916
人生リセットボタン,557,849,1161,2300
鬼KYOKAN,493,688,1014,1661
幸せになれる隠しコマンドがあるらしい,423,586,935,2226
チルドレンレコード,503,911,1114,2136
Mr. Wonderland,419,719,1046,1663
ぼくらの16bit戦争,326,687,939,1616
脳漿炸裂ガール,453,820,1224,1718
ギガンティックO.T.N,429,673,1064,1753
風に乗せた願い,476,873,1266,2091
ケロ⑨destiny,429,749,1139,1839
チルノのパーフェクトさんすう教室　⑨周年バージョン,399,699,1099,1499
taboo tears you up,437,741,1166,1645
ひれ伏せ愚民どもっ！,379,720,1319,1649
東方妖々夢 ～the maximum moving about～,468,852,1166,1500
少女幻葬戦慄曲 ～ Necro Fantasia,397,789,1136,1597
Jimang Shot,482,815,1198,2015
四次元跳躍機関,338,507,844,1353
The Formula,502,623,975,1557
SAMBISTA,270,497,847,1000
JULIAN,324,554,932,1482
Bang Babang Bang！！！,396,723,1417,1894
-OutsideR：RequieM-,400,589,1025,1315
奏者はただ背中と提琴で語るのみ,741,1036,1655,2642
なるとなぎのパーフェクトロックンロール教室,522,902,1882,1924
My First Phone,387,589,1311,1106
今ぞ♡崇め奉れ☆オマエらよ！！～姫の秘メタル渇望～,484,655,1052,1603
stella＝steLLa,289,797,1160,1620
SNIPE WHOLE,474,626,1280,1708
MUSIC PЯAYER,465,774,1235,1779
ケモノガル,530,949,1193,2323
Paqqin,468,709,1444,1687
札付きのワル　～マイケルのうた～,457,797,1298,2059
ゲシュタルト！テスト期間！！,391,678,1038,1640
ドライヴ・オン・ザ・レインボー,548,1127,1647,2017
キラメケ→Shoot it Now！,637,948,1357,2563
EXECUTOR,538,732,1363,1743
bubble attack,439,688,1111,1372
Vitalization,677,777,1277,1777
亡國覚醒カタルシス,390,563,992,1322
不安定な神様,517,706,1144,1758
セハガガガンバッちゃう！！,500,702,1084,1755
Cosmic twinkle star,509,790,1017,1709
終わりなき物語,460,634,951,1588
Now Loading！！！！,657,897,1415,2292
ガチャガチャきゅ～と・ふぃぎゅ＠メイト,491,896,1177,2063
Vampire,503,843,1294,1935
Paradisus-Paradoxum,706,900,1693,2626
ようこそジャパリパークへ,577,736,1275,1993
ハレ晴レユカイ,479,727,1337,1488
Face of Fact,297,562,958,1297
クローバー♣かくめーしょん,278,419,715,1175
ラブリー☆えんじぇる！！,480,734,1158,1861
Star☆Glitter,371,705,1058,1405
Redo,637,798,1264,1799
かくしん的☆めたまるふぉ～ぜっ！,325,592,840,1566
夏影,272,583,789,1352
Rising Hope,354,597,838,1288
Falling Roses,256,552,765,1302
回レ！雪月花,357,551,987,1484
ファッとして桃源郷,392,660,968,1774
シュガーソングとビターステップ,295,564,868,1330
Absolunote,409,640,970,1273
木彫り鯰と右肩ゾンビ,473,709,1185,1884
WAVE,379,575,884,1279
Fire◎Flower,556,928,1277,1937
卑怯戦隊うろたんだー,464,741,1132,1582
Change me,408,611,923,1613
Palette,606,938,1388,2126
砂の惑星 feat. HATSUNE MIKU,383,572,968,1415
すきなことだけでいいです,327,725,1029,1677
デリヘル呼んだら君が来た,467,752,1343,1909
チュルリラ・チュルリラ・ダッダッダ！,499,748,1109,2016
ECHO,356,636,1121,1346
地球最後の告白を,344,602,800,1254
虎視眈々,413,542,938,1541
神曲,403,756,884,1556
白い雪のプリンセスは,382,657,1044,1718
エンヴィキャットウォーク,292,661,929,1550
アウターサイエンス,381,623,1139,1562
シジョウノコエ VOCALO ver.,373,687,1135,1626
放課後革命,510,823,1274,1953
ウミユリ海底譚,294,531,834,1194
アスノヨゾラ哨戒班,428,836,1185,1631
天樂,551,862,1242,1916
Crazy ∞ nighT,372,769,952,1793
如月アテンション,385,717,1165,1754
夜咄ディセイブ,327,542,970,1333
このふざけた素晴らしき世界は、僕の為にある,387,667,1088,1657
いろは唄,364,526,1085,1414
愛迷エレジー,417,746,1186,1458
イカサマライフゲイム,436,648,1069,1698
セツナトリップ,265,561,796,1561
六兆年と一夜物語,340,520,917,1191
一触即発☆禅ガール,364,505,902,1475
腐れ外道とチョコレゐト,398,666,932,1578
タイガーランペイジ,408,776,1355,1365
ロストワンの号哭,399,648,874,1208
天狗の落とし文 feat. ｙｔｒ,484,719,1111,1703
Last Moments,519,800,1180,1721
儚きもの人間,394,666,1136,1702
キュアリアス光吉古牌　－祭－,407,726,1137,1495
Help me，ERINNNNNN！！ -Cranky remix-,406,606,961,1216
仙酌絶唱のファンタジア,380,736,1181,2016
Starlight Vision,296,632,1034,1522
Club Ibuki in Break All,369,526,770,1378
永遠のメロディ,409,621,1003,1440
愛き夜道 feat. ランコ、雨天決行,307,582,928,1128
Witches night,420,700,1109,1866
No Routine,372,675,1229,1575
エテルニタス・ルドロジー,425,844,1331,1715
月に叢雲華に風,272,581,1104,1328
蒼空に舞え、墨染の桜,287,604,1000,1384
FLOWER,294,611,1050,1180
アルストロメリア,301,552,863,1220
凛として咲く花の如く,307,573,1012,1327
XL TECHNO,326,637,873,1292
PRIVATE SERVICE,319,724,840,1726
FLOATED CALM,339,552,1013,1641
L9,357,504,855,1103
Altale,441,669,1203,1647
Äventyr,419,664,1085,1904
Lapis,283,513,900,1410
Say A Vengeance,367,670,1255,1534
010,279,665,1049,1785
ERIS -Legend of Gaidelia-,411,766,1241,1770
STAGER,378,582,1057,1384
Her Majesty,500,800,1330,2314
Sakura Fubuki,430,618,1040,1535
Kronos,450,714,1076,1513
風仁雷仁,382,666,1150,1442
Bird Sprite,348,600,1010,1493
ETERNAL DRAIN,361,544,932,1406
Reach for the Stars,356,631,1069,1431
The Concept of Love,220,524,916,1024
STAIRWAY TO GENERATION,266,605,892,1338
Through The Tower,218,398,748,1106
Burning Hearts ～炎のANGEL～,549,862,1195,1982
無敵We are one！！,495,797,1275,1804
ドキドキDREAM！！！,459,953,1613,1546
Still,487,817,1369,2084
Session High⤴,700,1138,1626,2822
私の中の幻想的世界観及びその顕現を想起させたある現実での出来事に関する一考察,373,784,1217,1546
ハート・ビート,490,752,1275,1425
猛進ソリストライフ！,425,820,1083,1560
My Dearest Song,426,674,1114,1769
TRUST,556,919,1413,1829
猫祭り,420,564,1247,1861
SPICY SWINGY STYLE,316,476,780,1312
イロトリドリのメロディ,502,765,1311,1953
あねぺったん,521,708,1187,1768
ＧＯ！ＧＯ！ラブリズム♥ ～あーりん書類審査通過記念Ver.～,525,1000,1437,2434
空威張りビヘイビア,464,707,1104,1841
悪戯,309,525,888,1369
Barbed Eye,352,617,984,1777
相思創愛,426,785,1253,1674
L’épilogue,362,542,949,1357
D✪N’T ST✪P R✪CKIN’ ～［✪_✪］ MIX～,405,640,1015,1618
Infantoon Fantasy,590,672,1276,1441
砂漠のハンティングガール♡,354,670,1083,1444
Teriqma,302,596,908,1442
The ether,411,860,1382,1987
Memories of Sun and Moon,724,818,1476,1435
Alma,302,559,837,1423
STAR,397,774,1156,1821
とーきょー全域★アキハバラ？,435,881,1215,2222
名も無い鳥,400,656,1171,1511
後夜祭,436,777,1248,1536
Tuning Rangers,432,788,1273,1775
明るい未来,524,972,1265,1833
ロボットプラネットユートピア,395,693,1279,1720
Hyperion,453,700,1081,1710
サウンドプレイヤー,354,681,1242,1507
D.E.A.D.L.Y.,372,698,1014,1877
ウソラセラ,479,819,1461,2322
最愛テトラグラマトン,541,808,1160,1915
響,883,879,1566,2500
光線チューニング,457,760,1307,2048
哀しみ集め,372,634,1030,1541
PinqPiq,458,596,1706,1720
WE GOTTA SOUL,385,750,1221,1561
Wake up Dreamer,425,720,1396,1853
La Baguette Magique,806,975,1738,2000
Rendezvous,559,876,1363,1716
時の冒険者,547,888,1438,1961
虹色のフリューゲル,447,629,987,2018
Philosophyz,552,708,1293,1792
Our Fighting,517,808,1259,1557
プレパレード,382,585,912,1498
SAKURAスキップ,486,703,1200,1905
Clover Heart’s,257,702,968,1453
前前前世,317,485,938,1408
My Soul，Your Beats！,426,781,1020,1535
Thousand Enemies,237,617,791,1410
ぐーちょきパレード,318,675,995,1815
若い力 -SEGA HARD GIRLS MIX-,271,637,788,1670
ノーポイッ！,284,597,972,1572
ムーンライト伝説,341,509,824,1499
Be My Friend,322,517,887,1253
This game,271,634,970,1395
フレンズ,332,757,1111,1422
fake！fake！,322,611,964,1444
青春はNon-Stop！,366,758,1148,1783
絶世スターゲイト,355,718,1013,1519
スカイクラッドの観測者,402,780,1339,1865
アマツキツネ,447,740,1293,1698
スイートマジック,372,603,859,1298
Just Be Friends,356,595,1122,1227
炉心融解,513,805,1173,1787
エレクトロサチュレイタ,247,514,723,1322
エイリアンエイリアン,392,672,1215,1677
有頂天ビバーチェ,321,621,850,1364
アカツキアライヴァル,283,591,898,1312
リモコン,470,767,1150,1811
ビバハピ,268,566,970,1561
深海少女,343,616,1041,1233
ロミオとシンデレラ,380,733,1032,1600
Hand in Hand,323,625,917,1546
楽園ファンファーレ,404,826,997,1384
星屑ユートピア,343,602,1010,1319
裏表ラバーズ,280,546,828,1145
ネトゲ廃人シュプレヒコール,481,726,1084,1550
Melody！,520,867,1179,1516
幽闇に目醒めしは,258,507,700,1111
ってゐ！ ～えいえんてゐVer～,330,617,817,1407
緋色のDance,383,667,905,1419
ナイト・オブ・ナイツ,301,495,629,1148
チルノのパーフェクトさんすう教室,273,547,738,1197
Unlimited Spark！,325,586,876,1417
B.B.K.K.B.K.K.,333,541,1051,960
All I Want,350,613,790,1061
Signs Of Love（”Never More”ver．）,430,644,1166,1266
Your Affection（Daisuke Asakura Remix）,305,644,1015,1293
In The Blue Sky ’01,384,726,1026,1587
レッツゴー！陰陽師,330,713,1082,1629
Change Our MIRAI！,328,558,948,1330
brilliant better,391,697,1157,1531
Tic Tac DREAMIN’,295,682,1172,1526
プリズム,441,671,1016,1640
言ノ葉カルマ,325,645,849,1363
天国と地獄 -言ノ葉リンネ-,317,622,846,1283
Counselor,302,599,952,1259
Guilty,418,829,994,1366
夕暮れワンルーム,446,825,1071,1589
その群青が愛しかったようだった,546,833,1175,1643
RevolutionGame,392,633,1083,1795
星灯,434,686,1011,1395
ホシトハナ,499,851,1407,1865
オレンジ,422,663,945,1546
MEMORIA,220,370,576,903
MIRU key way,267,418,837,1234
夢想歌,346,652,881,1484
true my heart -Lovable mix-,310,551,1040,1747
Jumping！！,236,410,647,979
Daydream café,266,534,641,1229
僕らの翼,264,527,690,964
ひだまりデイズ,182,340,576,959
オラシオン,359,741,1284,1538
鳥の詩,329,725,919,1522
secret base ～君がくれたもの～（10 years after Ver.）,288,613,811,1332
夏祭り,242,425,743,1000
届かない恋 ’13,298,545,961,1156
Heart To Heart,337,795,917,1184
Little Busters！～TV animation ver．～,313,525,933,1154
激情！ミルキィ大作戦,489,727,983,1299
君色シグナル,231,357,680,882
カラフル。,358,671,846,1516
楽園の翼,340,713,976,1298
oath sign,331,596,802,1313
Hacking to the Gate,386,703,1084,1686
コネクト,262,444,646,1068
Magia,341,683,1137,1387
staple stable,263,585,1016,1370
only my railgun,226,546,933,1110
マジLOVE1000％,266,515,719,1000
Scatman（Ski Ba Bop Ba Dop Bop）,285,452,800,1052
フラジール,343,467,849,1145
だんだん早くなる,344,471,926,1313
いーあるふぁんくらぶ,387,643,898,1487
愛言葉,364,581,869,1249
Tell Your World,427,754,1370,1560
からくりピエロ,313,928,1246,1679
みくみくにしてあげる♪【してやんよ】,232,460,671,1139
恋愛裁判,290,564,894,1302
すろぉもぉしょん,361,727,899,1495
FREELY TOMORROW,304,594,780,1206
シリョクケンサ,345,622,890,1231
Sweet Devil,272,558,978,1136
天ノ弱,333,707,778,1157
ストリーミングハート,392,890,1018,1408
千本桜,358,594,1000,1367
M.S.S.Planet,228,458,934,1349
華鳥風月,276,609,986,1205
泡沫、哀のまほろば,250,420,702,1177
Starlight Dance Floor,380,467,861,1212
Yet Another ”drizzly rain”,257,426,806,1017
魔理沙は大変なものを盗んでいきました,306,617,759,967
sweet little sister,330,550,921,1228
Dreaming,239,570,722,1208
ちくわパフェだよ☆CKP,309,460,945,1090
JET,371,613,736,1458
elegante,220,552,858,1000
Dance！,307,631,820,1102
檄！帝国華撃団,313,697,1100,1592
フォルテシモBELL,289,521,857,1140
DETARAME ROCK＆ROLL THEORY,443,674,1000,1336
Help me，あーりん！,541,777,1243,1830
夢と夢～あの日のメロディ～,393,538,902,1334
言ノ葉遊戯,462,755,1125,1528
洗脳,303,676,980,1305
りばーぶ,268,517,877,1229
ＧＯ！ＧＯ！ラブリズム♥,427,685,1067,1304
Theme of SeelischTact,384,743,1057,1238
幾四音-Ixion-,418,869,1244,1505
Anemone,270,602,967,976
リリーシア,332,715,955,1349
昵懇レファレンス,282,673,796,1097
乗り切れ受験ウォーズ,272,537,777,1202
心象蜃気楼,436,796,1403,1532
First Twinkle,433,753,1145,1488
願い星,383,622,1317,1492
H-A-J-I-M-A-R-I-U-T-A-！！,271,480,901,1213
極上スマイル,380,604,967,1318
ブルー・フィールド,350,719,1276,1251
crossing field,230,397,568,803
Emotions,339,808,1284,1435
太陽曰く燃えよカオス,358,591,814,1160
桜ノ雨,305,585,735,1275
ユクエシレズ,309,618,861,1124
橙の幻想郷音頭,183,352,500,730
Bad Apple！！ feat. nomico,237,557,717,1264
Help me，ERINNNNNN！！,314,497,790,1086
Pursuing My True Self,380,880,1103,1285
Invitation,400,537,846,1001
After the rain,233,525,916,1146
overcome,334,678,948,1288
ホーリーナイト,391,606,1268,1945
だんご大家族,256,393,768,1073
WHITE ALBUM Live at Campus Fes,324,563,1068,1129
Last regrets,349,908,1276,1837
君の知らない物語,280,568,808,890
紅蓮の弓矢,258,484,763,790
睡蓮花,375,596,810,1152
ブルーバード,349,627,1166,1138
V.I.P,352,620,973,1080
ODDS＆ENDS,408,907,1268,1509
エピクロスの虹はもう見えない,225,531,607,1274
Dreams Dreams：Kids Ver.,215,737,1153,1271
Grab your sword,377,726,1037,1315
こころここから,389,950,1105,1319
STAY AWAY,306,507,652,839
魂のルフラン,248,495,902,950
